DU            00003333999       02        01      123 -000000300.00          20211230                                                           
DU            00020000086       02        02      123 -004000000.00          20211225                                                           
DU            00021000120       02        03      123 -004000000.00          20211230                                                           
DU            00021100127       01        01      124 -000010000.00          00000000                                                           
DU            00021110159       02        02      124 -000002000.00          20211230                                                           
DU            00022000160       01        03      124 -000002000.00          20211230                                                           
DU            00023000190       03        01      125 -000000400.00          20211230                                                           
DU            00033333999       03        02      125  001000000.40          20211230                                                           
DU            00034333999       03        03      125  001000000.40          20211230                                                           
DU            00040130917       04        01      126  001000003.00          20211230                                                           
DU            00043333999       04        02      126  000040000.00          20211230                                                           
DU            00045333999       04        03      126  000040000.00          20211230                                                           
DU            00066666699       05        01      128  000010000.00          20211230                                                           
DU            00066333999       05        02      128  000030000.00          20211230                                                           
DU            00063733999       05        03      128  000030000.00          20211230                                                           
DU            09888000000       05        01      129  000000400.00          20211230                                                           
DU            00772393399       04        02      129  000080000.00          20211230                                                           
PA            00083333999       05        01      130  000090000.00          20211230                                                           
DU            00083533999       05        11      130  000060000.00          20211230                                                           
DU            00002220230       05        12      131  000000008.00          20211230                                                           
DU            01123933999       05        01      132  000000700.00          20211230                                                           
PA            09423343999       04        02      133  000040000.00          20211230                                                           
DU            09523763999       05        01      134  000200000.00          20211230                                                           
DU            09623393999       05        02      135  000010000.00          20211230                                                           
DU            09724333999       05        03      136  000080000.00          20211230                                                           
PA            12312312312       05        01      137  000040000.00          20211230                                                           
DU            48888888001       05        01      138  005000000.00          20211230                                                           
DU            90073633999       03        02      139  000060000.00          20211230                                                           
PE            80083373999       03        01      140  000070000.00          20211230                                                           
DU            90093338999       03        02      141  008000000.00          20211230                                                           
DU            90123333999       04        01      142  040080000.00          20213015         
PE            90223373999       04        02      143  000050000.00          20210230                                                           
DU            90323335999       04        01      144  000030000.00          20211230                                                           
DU            00000003999       02        01      123 -000000300.00          20211230                                                           
DU            00000000086       02        02      123 -004000000.00          20211225                                                           
DU            00000000120       02        03      123 -004000000.00          20211230                                                           
DU            00000100127       01        01      124 -000010000.00          00000000                                                           
DU            00000110159       02        02      124 -000002000.00          20211230                                                           
DU            00008000160       01        03      124 -000002000.00          20211230                                                           
DU            00008000190       03        01      125 -000000400.00          20211230                                                           
DU            00008833999       03        02      125  001000000.40          20211230                                                           
DU            00008883999       03        03      125  001000000.40          20211230                                                           
DU            00000130917       04        01      126  001000003.00          20211230                                                           
DU            00098333999       04        02      126  000040000.00          20211230                                                           
DU            00000033999       04        03      126  000040000.00          20211230                                                           
DU            00080003999       05        01      128  000010000.00          20211230                                                           
DU            00080003999       05        02      128  000030000.00          20211230                                                           
DU            00080003999       05        03      128  000030000.00          20211230                                                           
DU            00000077700       05        01      129  000000400.00          20211230                                                           
DU            00007773999       04        02      129  000080000.00          20211230                                                           
PA            00009777999       05        01      130  000090000.00          20211230                                                           
DU            00183533999       05        11      130  000060000.00          20211230                                                           
DU            00012220230       05        12      131  000000008.00          20211230                                                           
DU            07723933999       05        01      132  000000700.00          20211230                                                           
PA            07723343999       04        02      133  000040000.00          20211230                                                           
DU            09577763999       05        01      134  000200000.00          20211230                                                           
DU            09623773999       05        02      135  000010000.00          20211230                                                           
DU            09724337799       05        03      136  000080000.00          20211230                                                           
PA            12317712312       05        01      137  000040000.00          20211230                                                           
DU            47777778001       05        01      138  005000000.00          20211230                                                           
DU            00777777999       03        02      139  000060000.00          20211230                                                           
PE            00055555999       03        01      140  000070000.00          20211230                                                           
DU            00000555599       03        02      141  008000000.00          20211230                                                                
DU            00666666699       04        01      142  040080000.00          20213015                                                           
PE            00009967999       04        02      143  000050000.00          20210230                                                                                       