01                123         1        10   -110.00 2025-06-05
01                133         2        13   -110.00 2025-06-05
01                234         3        13    110.00 2025-06-05
01                444         3        15    110.00 2025-06-05
01                666         3        16    110.00 2025-06-05
01                777         7        23    110.00 2025-06-05
02               1666         3       116    110.00 2025-06-05
02               1777         7       123   -110.00 2025-06-05
02                111         8        25    110.00 2025-06-05
02               1111         8       125    110.00 2025-06-05
03               1123         1       110   -110.00 2025-06-05
03               1133         2       112   -110.00 2025-06-05
03               1234         3       113   -110.00 2025-06-05
03               1444         3       115    110.00 2025-06-05