CC           00123333300      01           05         116  001221110.80
CI           00136555000      02           02         130  000002110.80
DU           00022000160      01           01         120  000001410.00
DU           00023000190      01           01         121  000005110.76
DU           00126789000      01           01         112  000021110.80
DU           00188889000      01           01         119  000444110.00
DU           09888000000      01           01         118  000033110.00
DU           90323335999      01           01         111  000001110.80
LD           00123449000      01           06         117  000333110.00
PA           00083333999      01           01         115  000231110.45
PA           12312312312      02           02         114  000022110.80
PA           90223373999      01           01         113  000003110.33
PE           00777789000      01           01         230  000231410.00