000001      00001          02      00000001  000022200.00 F                    
000002      00002          02      00000002  000023400.00 F                    
000003      00003          02      00000003  000023650.00 F                    
000004      00010          02      00000010  000022200.00 F                    
000005      00011          02      00000011  000023400.00 F                    
000006      00012          02      00000012  000023650.00 F                    
000007      00013          02      00000013  000022200.00 F                    
000008      00014          02      00000014  000023400.00 F                    
000009      00015          02      00000015  000023650.00 F                    
000010      00020          02      00000020  000022200.00 F                    
000011      00021          02      00000021  000023400.00 F                    
000012      00022          02      00000022  000022200.00 F                    
000013      00023          02      00000023  000023400.00 F                    
000014      00024          02      00000024  000023650.00 F                    
000015      00025          02      00000025  000022200.00 F                    
000016      00026          02      00000026  000023400.00 F                    
000017      00027          02      00000027  000023650.00 F                    
000018      00030          02      00000030  000022200.00 F                    
000019      00040          02      00000040  000023400.00 F                    
000020      00050          02      00000050  000023650.00 F                    
000021      00055          02      00000055  000022200.00 F                    
000022      00056          02      00000056  000023400.00 F                    
000023      00057          02      00000057  000022200.00 F                    
000024      00066          02      00000066  000023400.00 F                    
000025      00067          02      00000067  000023650.00 F                    
000026      00075          02      00000075  000022200.00 F                    
000027      00076          02      00000076  000023400.00 F                    
000028      00077          02      00000077  000023650.00 F                    
000029      00085          02      00000085  000022200.00 F                    
000030      00086          02      00000086  000023400.00 F                    
000031      00087          02      00000087  000023650.00 F                    
000032      00095          02      00000095  000022200.00 F                    
000033      00096          02      00000096  000023400.00 F                    
000034      00097          02      00000097  000023650.00 F                    