000001      01011          02      00000011   001000230.50     20250503        
000002      01012          02      00000012   000550230.50     20250504        
000003      01013          02      00000013   001000230.50     20250503        
000004      01014          02      00000014   000550230.50     20250504        
000005      01015          02      00000015   001000230.50     20250503        
000006      01016          02      00000016   000550230.50     20250504        
000007      01017          02      00000017   001000230.50     20250503        
000008      01018          02      00000018   000550230.50     20250504        
000009      01019          02      00000019   001000230.50     20250503        
000010      01020          02      00000020   000550230.50     20250504        
000011      01021          02      00000021   001000230.50     20250503        
000012      01022          02      00000022   001000230.50     20250503        
000013      01022          02      00000022   000550230.50     20250504        
000014      01022          02      00000022   001000230.50     20250503        
000015      01022          02      00000022  -000550230.50     20250504        
000016      01022          02      00000022  -001000230.50     20250503        
000017      01022          02      00000022  -000550230.50     20250504        
000018      01022          02      00000022   001000230.50     20250503        
000019      01023          02      00000023   000550230.50     20250504        
000020      01023          02      00000023   001000230.50     20250503        
000021      01023          02      00000023   000550230.50     20250504        
000022      01025          02      00000025   001000230.50     20250503        
000023      01026          02      00000026   000550230.50     20250504        
000024      01027          02      00000027  -001000230.50     20250503        
000025      01028          02      00000028  -000550230.50     20250504        
000026      01029          02      00000029   001000230.50     20250503        
000027      01030          02      00000030   000550230.50     20250504        