     00001          02      00000001  000022200.00 F                    
     00002          02      00000002  000023400.00 F                    
     00003          02      00000003  000023650.00 F                    
     00010          02      00000010  000022200.00 F                    
     00011          02      00000011  001023630.50 F                    
     00012          02      00000012  000573880.50 F                    
     00013          02      00000013  001022430.50 F                    
     00014          02      00000014  000573630.50 F                    
     00015          02      00000015  001023880.50 F                    
     00020          02      00000020  000572430.50 F                    
     00021          02      00000021  001023630.50 F                    
     00022          02      00000022  001472430.50 F                    
     00023          02      00000023  002124091.50 F                    
     00024          02      00000024  000023650.00 F                    
     00025          02      00000025  001022430.50 F                    
     00026          02      00000026  000573630.50 F                    
     00027          02      00000027 -000976580.50 F                    
     00030          02      00000030  000572430.50 F                    
     00040          02      00000040  000023400.00 F                    
     00050          02      00000050  000023650.00 F                    
     00055          02      00000055  000022200.00 F                    
     00056          02      00000056  000023400.00 F                    
     00057          02      00000057  000022200.00 F                    
     00066          02      00000066  000023400.00 F                    
     00067          02      00000067  000023650.00 F                    
     00075          02      00000075  000022200.00 F                    
     00076          02      00000076  000023400.00 F                    
     00077          02      00000077  000023650.00 F                    
     00085          02      00000085  000022200.00 F                    
     00086          02      00000086  000023400.00 F                    
     00087          02      00000087  000023650.00 F                    
     00095          02      00000095  000022200.00 F                    
     00096          02      00000096  000023400.00 F                    
     00097          02      00000097  000023650.00 F                    